"x"	"y"	"Al"	"B"	"Ca"	"Cu"	"Fe"	"K"	"Mg"	"Mn"	"P"	"Zn"	"N"	"N.min."	"pH"
"1"	50	50	901.0908	0.79448	1680.02076	6.20312	135.28696	141.88128	279.12912	266.99972	1.95248	2.96948	18.465	-3.88544	4.32432
"2"	50	150	954.24884	0.66968	1503.3648	6.03148	141.80804	137.23932	280.45236	320.47864	2.2474	2.53208	21.59896	5.64388	4.37548
"3"	50	250	1114.1122	0.59516	1182.31144	6.79768	157.08784	98.69056	230.39732	445.07084	1.95484	2.24672	20.24516	-4.06408	4.347
"4"	50	350	1023.57932	0.5678	1558.02024	6.634	153.17464	98.36412	228.94676	407.75796	2.63444	2.44284	20.84232	7.89012	4.46112
"5"	50	450	1001.8848	0.39876	1242.25084	6.44428	149.25092	94.07208	202.68204	250.54028	1.86356	2.13748	16.945	8.53716	4.40128
"6"	150	50	1091.4672	0.7312	1441.97732	6.49552	173.8682	131.8928	276.501	477.32488	1.61612	2.63148	20.29812	4.38948	4.57252
"7"	150	150	1183.88368	0.34012	1111.443	5.55292	138.26784	117.12156	242.18336	300.67564	2.12696	2.15556	20.096	8.33632	4.55972
"8"	150	250	1256.14472	0.32224	1029.21028	6.28208	147.15632	104.30808	184.51472	204.25324	3.10668	2.07284	21.50216	-0.03472	4.41168
"9"	150	350	1122.32592	0.4636	1230.27116	7.17968	153.00336	110.2442	206.60872	414.72836	1.99128	2.33068	21.43224	0.05456	4.53336
"10"	150	450	1171.60152	0.31404	1126.86388	6.88668	132.56612	104.81508	172.34528	329.69304	1.68548	2.05104	18.28212	7.69104	4.555
"11"	250	50	1013.56244	1.50976	1873.07452	7.484	169.3424	174.48772	345.31828	593.44412	2.26524	4.21016	17.6616	12.43908	4.71792
"12"	250	150	1262.35264	0.4812	1189.90408	5.33012	159.76404	89.17376	206.34656	411.44096	3.04908	2.65716	16.41632	12.13188	4.2964
"13"	250	250	1357.92468	0.2354	1045.21736	4.62248	177.7166	98.93424	188.16256	120.35408	5.0856	2.51296	17.5346	9.9918	4.12084
"14"	250	350	1212.02144	0.4402	1236.22028	6.3178	167.26568	91.46908	198.46728	341.34184	2.64316	2.4642	19.22192	11.2444	4.1282
"15"	250	450	1224.3872	0.58436	1366.20084	8.605	180.59228	127.33096	193.48524	521.16892	1.70724	2.68512	18.41064	12.541	4.1576
"16"	350	50	958.60408	1.02476	1628.9744	7.39196	187.20824	166.6376	262.13736	393.69428	2.07072	3.30712	18.04436	20.04908	4.50452
"17"	350	150	1260.59808	0.68944	1314.79336	4.80024	141.08968	110.83156	269.06264	294.67304	4.1028	2.95548	18.92764	16.21112	4.46092
"18"	350	250	1280.10328	0.37996	909.32608	4.78156	191.0236	84.9496	205.35932	97.7732	4.93916	2.59364	16.59108	15.43316	4.05204
"19"	350	350	1304.17268	0.5188	1117.5724	5.7734	157.71204	130.3694	231.72528	254.28652	3.8532	2.58732	20.433	22.67264	4.24652
"20"	350	450	1125.74068	0.59432	1271.2058	6.777	165.65836	146.50684	199.93204	360.12848	2.01588	2.6746	20.99108	15.7242	4.33736
"21"	450	50	804.96204	1.17772	1947.90596	8.29748	187.652	207.58808	316.05316	443.95808	1.7592	4.25764	30.09788	15.87932	4.77492
"22"	450	150	1157.26628	0.70176	1414.60264	5.48304	171.20196	138.90496	250.98012	258.33724	4.01948	3.19204	27.83632	20.57952	4.6726
"23"	450	250	1130.7224	0.34772	1121.98404	5.29832	204.55984	111.69532	223.81848	136.71156	4.76356	3.03268	23.78884	16.47284	4.2922
"24"	450	350	1055.48404	0.76788	1740.29988	6.4956	183.49752	154.91056	306.96672	320.76696	3.026	3.44568	31.06028	14.15144	4.69712
"25"	450	450	943.2088	0.90908	1658.3516	7.0382	149.49928	190.32096	322.94476	237.85752	2.95544	4.09124	32.75832	9.87668	4.74796
"26"	550	50	644.72224	0.9788	1566.80184	6.24088	165.5448	149.67524	242.24728	334.3206	1.5106	4.92072	33.83268	19.85712	4.96144
"27"	550	150	848.15344	0.64652	1151.22992	5.1384	138.47796	131.4102	203.5124	251.53632	2.90336	4.47264	30.03868	19.38572	4.9748
"28"	550	250	638.71768	0.47056	1010.58888	3.7274	94.50952	100.97304	182.0278	101.42556	2.07696	3.8254	30.91848	12.76032	4.84068
"29"	550	350	1013.55576	0.93808	1379.61968	6.09004	143.43312	161.6444	269.93272	284.21028	4.04536	5.16404	36.89956	13.941	4.75024
"30"	550	450	841.9146	0.78008	1318.37768	5.26196	145.11908	124.2156	257.45124	209.3292	2.41024	3.87976	36.74812	11.19868	4.75976
"31"	650	50	836.80364	1.3264	1873.11988	7.301	160.57508	197.62396	259.63828	327.855	2.0094	5.57804	33.181	21.85324	5.00428
"32"	650	150	994.05956	1.26224	1836.41844	7.2544	150.13084	200.43848	305.0934	336.47924	4.90372	6.4296	28.85868	22.5326	5.15908
"33"	650	250	707.71672	0.77364	1186.61392	4.34448	117.07408	117.20788	186.69552	205.45152	3.11964	4.2454	30.78876	11.042	5.05812
"34"	650	350	1064.6256	1.17532	1656.36476	7.4552	164.64424	159.9986	286.40564	388.03692	5.21556	5.91652	36.53824	7.09476	5.05132
"35"	650	450	1230.49468	1.38336	1643.11944	7.82752	183.7992	168.62984	270.86336	400.37024	3.80704	5.39516	32.63108	17.11192	4.85808
"36"	750	50	790.15336	1.46984	2288.02808	9.328	198.4392	221.93992	375.74852	486.40336	2.91232	6.84324	41.64388	22.15292	4.93364
"37"	750	150	1119.73056	1.1756	1814.77328	8.05352	175.822	207.7472	314.90252	491.51428	3.40312	6.7404	38.92268	19.59704	4.9354
"38"	750	250	1102.96248	1.43692	2026.07276	7.96676	187.93804	221.69932	321.24588	548.331	6.19656	7.36012	39.04968	15.07688	4.88152
"39"	750	350	1164.95112	1.46856	2032.29388	7.94704	183.26968	215.24008	376.53212	553.71872	6.25144	7.05788	31.66516	26.97056	4.93488
"40"	750	450	1172.94976	1.23084	1805.04468	7.14824	189.99692	175.7906	297.12196	404.045	5.6252	7.08976	30.54752	29.00896	4.77104
"41"	850	50	797.22592	1.99308	3114.36128	12.13564	246.92548	310.86508	582.56012	550.88992	2.57328	10.78212	38.1378	31.46776	4.89252
"42"	850	150	1033.7388	1.16824	2176.3146	9.97004	223.95776	236.06648	383.70024	529.0872	1.36512	8.96552	30.39916	26.46048	4.829
"43"	850	250	1166.23588	1.17224	2154.33472	10.28108	273.3936	249.97808	328.69116	589.42424	2.18936	8.77904	32.19116	27.4774	4.82804
"44"	850	350	1053.44256	1.24832	2222.04072	9.00388	261.28372	251.34784	348.04156	525.75408	2.31204	7.831	25.223	39.27656	4.94864
"45"	850	450	872.39684	1.83836	2721.2012	8.45536	260.26808	264.50464	455.7394	513.52176	3.17768	9.39208	25.70404	38.14724	5.02364
"46"	950	50	791.11768	1.25436	3189.71996	7.04104	228.12284	256.95232	620.89352	371.13496	1.51256	12.97524	21.79476	37.09404	4.68412
"47"	950	150	853.5622	0.94416	2272.75152	7.10896	190.7156	189.502	400.37	410.18184	1.20892	10.63096	14.89032	41.35176	4.52992
"48"	950	250	787.20728	1.32144	2623.49316	10.3872	252.47976	290.58492	433.15976	516.65944	0.99936	10.9244	18.82576	42.19536	4.87296
"49"	950	350	612.2286	1.76808	2986.50232	10.95828	247.31548	306.73588	548.86048	507.57932	0.8434	11.18948	22.64272	41.89168	5.00388
"50"	950	450	569.53148	1.7374	2872.58048	8.21896	241.44388	295.57168	537.51992	367.5458	1.6646	10.58664	22.4054	38.22128	5.02052
